Temps (ms);Trajectoire 1
2502;0,00268276710994542
2536;-0,0169423315674067
2569;-0,0385319702327251
2603;-0,0559954680502415
2636;-0,0697055086493492
2669;-0,0836015492677689
2703;-0,0991310849785805
2736;-0,11347483843565
2769;-0,125155806541443
2803;-0,136464312672615
2836;-0,148545309901237
2870;-0,157646656036377
2903;-0,157812908291817
2936;-0,145853266119957
2970;-0,122431494295597
3003;-0,0915617570281029
3036;-0,0616764053702354
3070;-0,0416947081685066
3103;-0,0328402034938335
3136;-0,0297034792602062
3170;-0,0303666647523642
3203;-0,0397330708801746
3237;-0,060876902192831
3270;-0,0860787704586983
3303;-0,100252367556095
3337;-0,0948323458433151
3370;-0,0756426751613617
3403;-0,0544761754572392
3437;-0,0360302962362766
3470;-0,017906179651618
3504;-0,000113656715257093
3537;0,0140289012342691
3570;0,0255394894629717
3604;0,0389943011105061
3637;0,0533827058970928
3670;0,06149922311306
3704;0,0589016452431679
3737;0,0478213392198086
3770;0,0329807661473751
3804;0,0177722033113241
3837;0,00387393007986248
3871;-0,00803278293460608
3904;-0,0175815094262362
3937;-0,0240981262177229
3971;-0,0261303260922432
4004;-0,0221963301301003
4037;-0,0138596436008811
4071;-0,00693194288760424
4104;-0,00641166791319847
4137;-0,011418592184782
4171;-0,0174102429300547
4204;-0,022395508363843
4238;-0,0287730116397142
4271;-0,0377329140901566
4304;-0,0447182208299637
4338;-0,0443672053515911
4371;-0,0376900397241116
4404;-0,0299508888274431
4438;-0,0244772788137197
4471;-0,0229524038732052
4504;-0,0267343372106552
4538;-0,0348075367510319
4571;-0,0446713306009769
4605;-0,0530616082251072
4638;-0,0545134656131268
4671;-0,0463502779603004
4705;-0,0339168161153793
4738;-0,0244685690850019
4771;-0,0191664528101683
4805;-0,0146264359354973
4838;-0,00965367536991835
4872;-0,00760227208957076
4905;-0,0112129393965006
4938;-0,0174231939017773
4972;-0,0194230172783136
5005;-0,0138636641204357
5038;-0,00612473487854004
5072;-0,00615912210196257
5105;-0,018039932474494
5138;-0,0357670299708843
5172;-0,0481274761259556
5205;-0,0465043559670448
5239;-0,0308032017201185
5272;-0,00944824423640966
5305;0,00645878259092569
5339;0,0107846604660153
5372;0,00689554633572698
5405;0,00304081942886114
5439;0,00175598496571183
5472;-0,00309217721223831
5506;-0,0175944603979588
5539;-0,0389922931790352
5572;-0,0582310929894447
5606;-0,0697267204523087
5639;-0,0746693313121796
5672;-0,0761339217424393
5706;-0,0744719430804253
5739;-0,0672852247953415
5772;-0,0538368858397007
5806;-0,0394634418189526
5839;-0,0318913161754608
5873;-0,0324048921465874
5906;-0,0361651629209518
5939;-0,0407909266650677
5973;-0,0473693944513798
6006;-0,0548390299081802
6039;-0,0607411414384842
6073;-0,0651523172855377
6106;-0,0693154111504555
6139;-0,0732302069664001
6173;-0,0775902420282364
6206;-0,0846744701266289
6240;-0,0937627702951431
6273;-0,0997157990932465
6306;-0,0990392118692398
6340;-0,0928546339273453
6373;-0,08261838555336
6406;-0,0672084093093872
6440;-0,0466586500406265
6473;-0,0271967761218548
6506;-0,0178599581122398
6540;-0,02064398676157
6573;-0,0278820712119341
6607;-0,0308116897940636
6640;-0,0278479047119617
6673;-0,0223399084061384
6707;-0,0162667538970709
6740;-0,010441679507494
6773;-0,00590188661590219
6807;-0,00207306281663477
6840;0,00195315387099981
6874;0,00611624959856272
6907;0,0113413324579597
6940;0,0181937832385302
6974;0,0255091208964586
7007;0,0323108844459057
7040;0,0363196842372417
7074;0,0335785262286663
7107;0,024926770478487
7140;0,0181080382317305
7174;0,0193933192640543
7207;0,0255095679312944
7241;0,0267941802740097
7274;0,0177143700420856
7307;0,00123347679618746
7341;-0,0150931207463145
7374;-0,0238987263292074
7407;-0,0225455611944199
7441;-0,0169091708958149
7474;-0,0171489901840687
7508;-0,0269656702876091
7541;-0,0404827781021595
7574;-0,0504702813923359
7608;-0,0561580285429955
7641;-0,0606297142803669
7674;-0,0641075223684311
7708;-0,0648097842931747
7741;-0,0630109235644341
7774;-0,0599274523556232
7808;-0,0557130016386509
7841;-0,051720954477787
7875;-0,0516354292631149
7908;-0,0573919527232647
7941;-0,0671052485704422
7975;-0,0780354961752892
8008;-0,0881949365139008
8041;-0,0958012193441391
8075;-0,0978398993611336
8108;-0,0907815769314766
8141;-0,0769221484661102
8175;-0,0645186081528664
8208;-0,0577858462929726
8242;-0,0543765872716904
8275;-0,0530399531126022
8308;-0,0549589395523071
8342;-0,058591041713953
8375;-0,0605439692735672
8408;-0,0597048327326775
8442;-0,0562437735497952
8475;-0,049476619809866
8508;-0,0400714725255966
8542;-0,0314710736274719
8575;-0,0261606946587563
8609;-0,0238822009414434
8642;-0,0239500813186169
8675;-0,02436139062047
8709;-0,0219801813364029
8742;-0,01781708560884
8775;-0,0159498993307352
8809;-0,0152818039059639
8842;-0,00966238416731358
8876;0,00241604261100292
8909;0,0143564734607935
8942;0,0194274820387363
8976;0,0188451316207647
9009;0,0183311086148024
9042;0,0182797517627478
9076;0,0139281935989857
9109;0,00395721849054098
9142;-0,00829180423170328
9176;-0,0196842718869448
9209;-0,0266059413552284
9243;-0,0245328806340694
9276;-0,0143220853060484
9309;-0,00400902284309268
9343;-0,000993658904917538
9376;-0,00387147371657193
9409;-0,00537960231304169
9443;-0,00363210239447653
9476;-0,005242052488029
9510;-0,0161727480590343
9543;-0,0333730950951576
9576;-0,0479006096720695
9610;-0,0543765872716904
9643;-0,0544449202716351
9676;-0,0525946989655495
9710;-0,0518064722418785
9743;-0,0520467311143875
9776;-0,0516014844179153
9810;-0,0506417714059353
9843;-0,0518752448260784
9877;-0,0561580285429955
9910;-0,0607494004070759
9943;-0,062291469424963
9977;-0,0583856105804443
10010;-0,048825491219759
10043;-0,0371762402355671
10077;-0,0286102313548326
10110;-0,0272052641957998
10143;-0,0345038548111916
10177;-0,0461187250912189
10210;-0,0515327118337154
10244;-0,043378010392189
10277;-0,0268971174955368
10310;-0,014767779968679
10344;-0,0137741221114993
10377;-0,0202840398997068
10410;-0,0255604796111584
10444;-0,0238822009414434
10477;-0,0180912911891937
10510;-0,0153157450258732
10544;-0,0171315725892782
10577;-0,0201125498861074
10611;-0,0243274495005608
10644;-0,0328586250543594
10677;-0,0432065203785896
10711;-0,046907402575016
10744;-0,0388549640774727
10777;-0,0212433114647865
10811;0,000239371307543479
10844;0,0196673013269901
10878;0,0313518345355988
10911;0,0298441536724567
10944;0,0137053476646543
10978;-0,0100741377100348
11011;-0,029878094792366
11044;-0,0388893522322178
11078;-0,0385468192398548
11111;-0,0340577140450478
11144;-0,0296722166240215
11178;-0,027754120528698
11211;-0,0292957443743944
11245;-0,0336468517780304
11278;-0,0385119840502739
11311;-0,0399513393640518
11345;-0,0331672169268131
11378;-0,0168917551636696
11411;0,002227135701105
11445;0,0129858935251832
11478;0,00949089415371418
11512;-0,00466014863923192
11545;-0,0210034921765327
11578;-0,0307685919106007
11612;-0,0293989069759846
11645;-0,0208668373525143
11678;-0,0130198346450925
11712;-0,00829180423170328
11745;-0,00421400694176555
11778;-0,00195293058641255
11812;-0,00675062835216522
11845;-0,0183998830616474
11879;-0,0274794697761536
11912;-0,0237446520477533
11945;-0,00551625806838274
11979;0,0191876646131277
12012;0,0382382273674011
12045;0,0430010892450809
12079;0,033783957362175
12112;0,0195645857602358
12145;0,0121297836303711
12179;0,0177143700420856
12212;0,0318993516266346
12246;0,0440974682569504
12279;0,047283872961998
12312;0,0418359413743019
12346;0,0314541049301624
12379;0,0188451316207647
12412;0,00496829440817237
12446;-0,0100736916065216
12479;-0,0262799337506294
12512;-0,0433092340826988
12546;-0,059379268437624
12579;-0,0704122334718704
12613;-0,0694185718894005
12646;-0,0460499487817287
12679;0,0129175651818514
