rotation speed from file mesures/rotation.txt
1.53 0.024423148053472506
1.57 0.017671232706212275
1.6 0.04894261296104481
1.63 0.07010342943483173
1.67 0.035653444500172125
1.7 0.02467619946135237
1.74 0.07032335475463107
1.77 0.0716653038087766
1.8 0.09342054063647216
1.84 0.05351788123837404
1.87 0.11744764987541649
1.9 0.09386252952721169
1.94 0.07065744900616171
1.97 0.14033305753156816
2.0 0.11715885048281609
2.04 0.08767660712725714
2.07 0.14011471273662107
2.1 0.19629774490036653
2.14 0.10471611400156279
2.17 0.16269928483843857
2.2 0.1618756466073739
2.24 0.1220553469007567
2.27 0.18431334369069083
2.3 0.16033327482908785
2.34 0.14658416856179732
2.37 0.1831076372868967
2.4 0.183562959561006
2.44 0.1534156703973942
2.47 0.18134696190300095
2.5 0.21617097465406698
2.54 0.1521540819900967
2.57 0.20207568097957931
2.6 0.20946840033194147
2.64 0.15046733084693162
2.67 0.22513550388890466
2.7 0.2215129171193801
2.74 0.16806087441051928
2.77 0.22308256792685552
2.8 0.24141905549612977
2.84 0.18055470429267345
2.87 0.2394024350359938
2.9 0.24657979867804616
2.94 0.19487455529923464
2.97 0.24008687147038876
3.0 0.2789058266049341
3.04 0.19934270811823845
3.07 0.2847883760675444
3.1 0.25353874635306
3.14 0.2383189050123411
3.17 0.2775360539480705
3.2 0.3187948645672041
3.24 0.22979085687557224
3.27 0.3209566570775667
3.3 0.3196071075935949
3.34 0.24472642719662296
3.37 0.3228164396670777
3.4 0.348438700294879
3.44 0.27124879178833083
3.47 0.32567285319558464
3.5 0.34961370895238475
3.54 0.2783173856673924
3.57 0.4256705010655254
3.6 0.36801510288484873
3.64 0.295757828311832
3.67 0.38509120542703384
3.7 0.38318088814840495
3.74 0.2965509853287193
3.77 0.3641732102686725
3.8 0.35876285052831813
3.84 0.30290718989572335
3.87 0.46480738531077986
3.9 0.398693451437403
3.94 0.3042393830446796
3.97 0.3947880282642891
4.0 0.3734955905890223
4.04 0.29996402304914266
4.07 0.44078641648758193
4.1 0.40582367613995046
4.14 0.30266193794862256
4.17 0.4013959278190819
4.2 0.4097473895609108
4.24 0.2989802643312109
4.27 0.38859686577724367
4.3 0.429318484803872
4.34 0.3227264359533713
4.37 0.39347532549299097
4.4 0.3956849742238278
4.44 0.3038365144461261
4.47 0.4024242496117559
4.5 0.41648270118128683
4.54 0.277080110225175
4.57 0.49414403483218866
4.6 0.40483547304487455
4.64 0.3015578661845067
4.67 0.3847592647763396
4.7 0.42228686566377555
4.74 0.30580251547241116
4.77 0.4326499415458725
4.8 0.4159718384297927
4.84 0.3273579541228086
4.87 0.4395015614003499
4.9 0.4487931555389624
4.94 0.3456685548495816
4.97 0.44741625846146965
5.0 0.4551104291949714
5.04 0.40301325475874084
5.07 0.44255070785583034
5.1 0.46050641926347946
5.14 0.3740676549921603
5.17 0.5202434410682386
5.2 0.46478151605494605
5.24 0.3575934110644965
5.27 0.5145701561791429
5.3 0.47339125831484413
5.34 0.39162532633477654
5.37 0.48357437208127063
5.4 0.5100644735246032
5.44 0.3909594003029978
5.47 0.4934623389837461
5.5 0.543992809919868
5.54 0.37219921707479753
5.57 0.47582430656057545
5.6 0.5803271300040781
5.64 0.36174361077429656
5.67 0.5104942054064656
5.7 0.5247562119346287
5.74 0.39310507191664507
5.77 0.5042853689679435
5.8 0.47951334270118373
5.84 0.39053975250777884
5.87 0.4924073144355682
5.9 0.4912993378665109
5.94 0.36735679092787765
5.97 0.5133721635072954
6.0 0.521895348130867
6.04 0.37266644171269175
6.07 0.6014096278118419
6.11 0.3619422987568889
6.14 0.514584309092648
6.17 0.5027445686237831
6.21 0.40283836349929747
6.24 0.498070585235623
6.27 0.5156994701069981
6.31 0.3781323172891291
6.34 0.4938072530281881
6.37 0.5166485907916147
6.41 0.38206815461965266
6.44 0.5209460462148939
6.47 0.532934730660467
6.51 0.3947847054872635
6.54 0.5191556094872565
6.57 0.5322176877990894
6.61 0.40754567805941916
6.64 0.5695651680944804
6.67 0.5485942838173874
6.71 0.38494541897745177
6.74 0.6110838885895485
6.77 0.5504243766657467
6.81 0.41164538939149964
6.84 0.5628974825583888
6.87 0.5839041580523847
6.91 0.41042485904895265
6.94 0.5419241330456923
6.97 0.5809797457964241
7.01 0.41619464728835337
7.04 0.5230254914945353
7.07 0.5519588025033911
7.11 0.42150943839264726
7.14 0.546232999735534
7.17 0.7022721316208085
7.21 0.4664630394737006
7.24 0.5603549230704153
7.27 0.518626512386892
7.31 0.3534535149812609
7.34 0.5903321635471329
7.37 0.5424228727330237
7.41 0.4061400501000564
7.44 0.5416216638609409
7.47 0.6024245246100031
7.51 0.3979629333346318
7.54 0.5323525918145677
7.57 0.5050265662689175
