#Kinovea Trajectory data export
#T X Y

# Trajectoire 1
1.50 11,89 934,53 
1.53 8,90 936,53 
1.57 6,90 937,53 
1.60 3,90 939,53 
1.63 0,91 940,53 
1.67 -1,09 941,53 
1.70 -3,10 943,52 
1.74 -6,09 944,53 
1.77 -8,09 946,52 
1.80 -11,08 947,53 
1.84 -13,09 949,53 
1.87 -16,08 951,53 
1.90 -18,08 953,52 
1.94 -20,08 954,52 
1.97 -23,07 956,51 
2.00 -26,07 957,52 
2.04 -28,07 959,51 
2.07 -31,07 960,51 
2.10 -34,07 962,51 
2.14 -37,07 963,51 
2.17 -40,07 965,51 
2.20 -44,07 967,50 
2.24 -47,07 968,51 
2.27 -52,07 970,51 
2.30 -56,06 972,51 
2.34 -60,06 973,51 
2.37 -65,06 975,50 
2.40 -70,06 976,50 
2.44 -76,05 978,50 
2.47 -81,06 979,49 
2.50 -87,06 980,50 
2.54 -94,06 982,49 
2.57 -100,06 983,50 
2.60 -108,06 985,49 
2.64 -115,06 986,49 
2.67 -123,07 987,50 
2.70 -132,06 988,50 
2.74 -140,07 990,50 
2.77 -149,07 990,50 
2.80 -158,07 991,51 
2.84 -168,08 992,51 
2.87 -178,08 993,50 
2.90 -188,08 993,51 
2.94 -199,08 994,50 
2.97 -209,08 994,51 
3.00 -220,08 995,50 
3.04 -231,08 995,50 
3.07 -242,08 994,50 
3.10 -253,08 995,50 
3.14 -264,08 994,50 
3.17 -275,09 994,50 
3.20 -287,08 994,50 
3.24 -298,09 993,50 
3.27 -310,08 993,50 
3.30 -321,08 992,50 
3.34 -332,08 992,49 
3.37 -343,08 991,49 
3.40 -354,08 990,49 
3.44 -365,08 989,49 
3.47 -376,08 988,48 
3.50 -386,08 987,48 
3.54 -397,08 985,48 
3.57 -407,08 984,48 
3.60 -417,08 983,48 
3.64 -427,08 981,48 
3.67 -437,08 980,48 
3.70 -447,08 979,48 
3.74 -457,08 977,49 
3.77 -466,08 976,49 
3.80 -475,08 975,48 
3.84 -485,07 973,49 
3.87 -497,62 975,04 
3.90 -507,62 973,04 
3.94 -517,62 971,04 
3.97 -526,62 968,04 
4.00 -536,62 966,04 
4.04 -546,62 964,04 
4.07 -557,62 961,04 
4.10 -567,62 958,04 
4.14 -577,62 955,04 
4.17 -588,62 952,03 
4.20 -598,62 948,04 
4.24 -608,63 944,04 
4.27 -618,63 940,04 
4.30 -631,40 937,81 
4.34 -642,40 933,81 
4.37 -652,40 928,81 
4.40 -663,40 923,81 
4.44 -674,40 918,81 
4.47 -685,40 913,81 
4.50 -695,40 907,81 
4.54 -705,40 902,81 
4.57 -718,95 895,04 
4.60 -728,95 889,04 
4.64 -738,95 883,04 
4.67 -747,95 877,03 
4.70 -757,95 870,03 
4.74 -766,95 864,04 
4.77 -776,95 858,04 
4.80 -785,94 852,04 
4.84 -794,94 846,03 
4.87 -802,95 839,04 
4.90 -810,95 833,04 
4.94 -818,94 826,04 
4.97 -824,95 820,04 
5.00 -831,94 813,04 
5.04 -842,49 803,49 
5.07 -849,50 796,49 
5.10 -856,50 790,49 
5.14 -864,50 783,49 
5.17 -871,49 777,49 
5.20 -877,50 770,49 
5.24 -883,50 763,49 
5.27 -889,50 755,49 
5.30 -894,50 748,49 
5.34 -900,50 740,49 
5.37 -905,50 732,49 
5.40 -910,50 724,50 
5.44 -916,50 716,49 
5.47 -921,50 708,49 
5.50 -927,50 699,49 
5.54 -932,50 690,49 
5.57 -938,50 681,49 
5.60 -948,04 668,71 
5.64 -953,04 658,71 
5.67 -957,04 647,71 
5.70 -961,04 636,71 
5.74 -969,59 624,71 
5.77 -973,59 612,71 
5.80 -977,59 600,71 
5.84 -981,59 587,71 
5.87 -986,59 574,71 
5.90 -990,59 561,71 
5.94 -993,59 547,71 
5.97 -996,59 533,71 
6.00 -999,59 518,71 
6.04 -1001,59 504,71 
6.07 -1007,14 484,39 
6.11 -1009,14 469,39 
6.14 -1010,14 453,39 
6.17 -1011,14 437,39 
6.21 -1012,14 421,39 
6.24 -1013,14 405,39 
6.27 -1013,14 388,39 
6.31 -1013,13 372,39 
6.34 -1015,68 356,39 
6.37 -1014,68 340,39 
6.41 -1012,68 323,39 
6.44 -1010,68 307,39 
6.47 -1010,45 291,39 
6.51 -1007,46 275,39 
6.54 -1003,46 259,39 
6.57 -1000,46 243,39 
6.61 -997,45 228,39 
6.64 -996,00 211,62 
6.67 -991,00 195,62 
6.71 -986,00 180,62 
6.74 -980,00 163,85 
6.77 -974,01 148,85 
6.81 -968,01 134,85 
6.84 -962,01 120,85 
6.87 -956,78 103,30 
6.91 -949,78 89,30 
6.94 -942,78 75,30 
6.97 -934,78 61,30 
7.01 -925,78 47,30 
7.04 -920,33 33,30 
7.07 -910,33 19,30 
7.11 -901,33 5,30 
7.14 -890,33 -8,70 
7.17 -875,78 -33,34 
7.21 -864,78 -47,35 
7.24 -852,79 -62,34 
7.27 -841,78 -76,34 
7.31 -833,55 -86,85 
7.34 -820,55 -101,85 
7.37 -806,55 -116,85 
7.41 -791,55 -131,85 
7.44 -776,56 -146,84 
7.47 -760,56 -161,85 
7.51 -744,56 -176,85 
7.54 -726,56 -191,85 
7.57 -708,56 -207,85 

# Trajectoire 2
1.50 -40,35 -477,88 
1.53 -42,34 -476,88 
1.57 -43,34 -475,89 
1.60 -44,33 -475,88 
1.63 -44,34 -474,88 
1.67 -44,35 -474,88 
1.70 -45,34 -473,88 
1.74 -44,34 -472,88 
1.77 -43,34 -472,88 
1.80 -42,35 -471,88 
1.84 -41,34 -470,88 
1.87 -39,34 -469,88 
1.90 -37,35 -468,88 
1.94 -35,34 -468,88 
1.97 -32,35 -468,88 
2.00 -30,34 -467,88 
2.04 -27,34 -467,88 
2.07 -24,34 -466,88 
2.10 -18,92 -466,17 
2.14 -15,92 -466,17 
2.17 -11,92 -465,17 
2.20 -8,92 -465,17 
2.24 -4,92 -464,17 
2.27 -1,92 -464,17 
2.30 1,08 -464,17 
2.34 5,50 -462,75 
2.37 8,51 -462,75 
2.40 11,51 -462,75 
2.44 14,51 -462,76 
2.47 17,51 -463,75 
2.50 20,94 -463,04 
2.54 22,94 -463,04 
2.57 25,94 -464,04 
2.60 27,23 -463,33 
2.64 29,23 -464,33 
2.67 31,23 -464,33 
2.70 32,23 -465,33 
2.74 34,23 -464,20 
2.77 35,24 -465,20 
2.80 37,23 -466,19 
2.84 38,23 -467,19 
2.87 39,23 -468,19 
2.90 40,23 -467,77 
2.94 41,24 -468,77 
2.97 42,25 -469,77 
3.00 44,24 -470,77 
3.04 45,25 -470,35 
3.07 47,24 -471,35 
3.10 48,25 -472,34 
3.14 51,25 -470,50 
3.17 53,25 -471,50 
3.20 56,25 -472,50 
3.24 59,25 -472,50 
3.27 62,25 -472,50 
3.30 66,25 -473,50 
3.34 70,25 -472,08 
3.37 74,26 -472,08 
3.40 79,26 -471,08 
3.44 85,26 -471,08 
3.47 88,84 -468,66 
3.50 94,84 -466,95 
3.54 100,84 -465,95 
3.57 110,68 -464,24 
3.60 117,68 -462,24 
3.64 125,68 -460,25 
3.67 133,68 -458,25 
3.70 141,68 -456,25 
3.74 149,68 -453,54 
3.77 156,97 -449,41 
3.80 164,98 -447,41 
3.84 173,98 -445,41 
3.87 184,40 -441,28 
3.90 193,40 -439,27 
3.94 202,40 -436,28 
3.97 211,40 -433,28 
4.00 218,26 -429,15 
4.04 227,26 -426,15 
4.07 236,26 -421,73 
4.10 245,26 -418,73 
4.14 254,26 -415,73 
4.17 262,26 -412,72 
4.20 271,26 -409,72 
4.24 279,26 -406,01 
4.27 287,26 -403,01 
4.30 296,26 -400,02 
4.34 304,26 -394,47 
4.37 312,26 -391,47 
4.40 320,26 -389,46 
4.44 328,26 -386,46 
4.47 336,26 -383,47 
4.50 344,26 -378,92 
4.54 352,26 -376,92 
4.57 361,26 -373,21 
4.60 370,26 -370,21 
4.64 379,26 -367,21 
4.67 388,26 -364,21 
4.70 395,84 -358,79 
4.74 405,84 -354,79 
4.77 415,13 -349,08 
4.80 425,13 -344,08 
4.84 433,58 -335,95 
4.87 444,58 -329,95 
4.90 457,58 -323,95 
4.94 469,58 -316,95 
4.97 482,58 -308,82 
5.00 495,58 -301,81 
5.04 506,87 -293,10 
5.07 517,74 -284,81 
5.10 530,74 -275,81 
5.14 543,74 -265,81 
5.17 558,87 -253,97 
5.20 571,45 -243,97 
5.24 585,45 -233,97 
5.27 600,45 -222,97 
5.30 614,58 -212,14 
5.34 628,87 -199,72 
5.37 642,87 -188,72 
5.40 656,45 -175,59 
5.44 671,87 -163,16 
5.47 685,16 -150,46 
5.50 700,58 -137,04 
5.54 714,58 -125,04 
5.57 727,58 -114,04 
5.60 741,16 -102,04 
5.64 755,16 -91,04 
5.67 770,16 -79,04 
5.70 783,45 -65,20 
5.74 797,45 -54,19 
5.77 810,03 -41,77 
5.80 823,03 -30,77 
5.84 837,03 -18,35 
5.87 850,03 -7,35 
5.90 862,03 4,49 
5.94 875,03 15,49 
5.97 889,03 27,91 
6.00 902,32 40,33 
6.04 915,61 52,76 
6.07 926,77 65,18 
6.11 940,76 76,18 
6.14 953,34 88,89 
6.17 967,34 100,89 
6.21 983,18 115,02 
6.24 994,76 127,73 
6.27 1007,76 140,73 
6.31 1021,02 154,28 
6.34 1034,02 167,28 
6.37 1048,02 182,28 
6.41 1061,02 196,28 
6.44 1074,02 212,28 
6.47 1087,02 229,28 
6.51 1100,02 246,28 
6.54 1112,44 263,12 
6.57 1126,86 281,11 
6.61 1142,70 301,25 
6.64 1154,98 321,67 
6.67 1166,98 341,67 
6.71 1178,98 360,67 
6.74 1190,69 384,51 
6.77 1202,69 406,50 
6.81 1216,11 429,92 
6.84 1229,95 454,76 
6.87 1241,95 477,76 
6.91 1252,95 501,76 
6.94 1263,95 525,76 
6.97 1275,36 552,73 
7.01 1285,36 577,73 
7.04 1295,36 601,73 
7.07 1304,36 626,73 
7.11 1315,07 653,57 
7.14 1324,07 678,57 
7.17 1333,07 703,57 
7.21 1346,91 736,66 
7.24 1355,91 762,66 
7.27 1365,92 787,66 
7.31 1374,92 813,66 
7.34 1385,63 843,63 
7.37 1395,62 869,63 
7.41 1403,62 894,63 
7.44 1415,75 922,05 
7.47 1423,75 952,44 
7.51 1433,75 978,44 
7.54 1442,75 1003,44 
7.57 1450,75 1024,94 
